100
2 2
94 4 69 80 84 85 33 59 56 91 31 63 30 10 45 87 3 6 67 74 12 16 32 64 79 18 86 34 81 38 15 52 41 89 21 90 97 82 49 9 60 62 71 26 7 76 36 37 44 57 43 73 75 70 93 29 77 5 17 72 61 47 11 22 14 50 65 54 24 55 23 39 35 83 51 20 58 42 96 46 53 19 88 40 13 95 28 25 1 92 48 68 78 66 98 8 99 27 2 
41 89 39 93 11 76 46 98 4 80 70 65 10 2 86 40 31 81 77 9 53 3 66 15 17 64 74 43 63 20 23 42 28 48 72 49 24 91 22 50 8 62 13 94 30 25 60 95 52 59 90 19 44 92 21 54 85 47 36 7 68 61 79 78 83 69 12 71 56 67 34 45 33 55 82 75 14 51 84 58 38 27 73 97 6 57 26 32 96 87 35 88 18 99 29 37 16 5 0 
36 97 69 57 35 76 37 85 90 9 71 81 14 4 89 20 77 83 28 55 79 38 72 51 44 86 64 40 61 31 34 48 99 6 52 70 27 32 74 60 93 1 84 33 88 41 63 19 8 78 75 54 17 98 5 87 21 80 43 39 22 73 49 66 67 3 15 18 92 10 25 46 0 91 65 82 23 30 58 50 26 42 62 7 24 68 13 95 96 45 29 12 59 11 94 56 53 16 47 
86 21 17 34 91 81 27 65 57 38 78 22 36 85 0 48 87 43 83 97 6 25 49 98 69 77 29 26 92 64 24 61 41 67 84 8 63 28 99 94 96 20 14 35 37 52 39 90 82 15 68 44 19 4 51 13 53 93 75 18 95 58 23 66 1 11 2 12 32 33 42 45 9 31 16 89 50 10 46 7 62 79 30 5 59 73 80 40 60 55 71 88 72 47 74 56 54 70 76 
1 33 57 67 80 83 95 37 86 44 74 36 73 17 70 54 77 93 87 14 82 79 71 41 46 7 34 23 98 72 84 55 30 48 66 0 29 61 50 56 89 63 88 51 91 18 96 62 90 43 78 13 64 47 6 60 59 9 8 58 75 42 28 20 16 15 35 24 26 52 99 38 97 5 94 53 10 68 65 31 81 11 2 76 12 45 85 19 27 49 3 32 40 69 92 25 21 22 39 
70 42 73 44 24 34 9 82 79 85 38 0 53 50 28 26 90 61 71 75 96 15 45 23 30 39 64 87 1 55 76 20 59 93 86 13 68 66 17 72 58 51 67 89 19 60 3 31 6 46 88 94 4 83 16 56 11 29 18 52 36 21 32 92 80 77 8 74 12 14 95 22 2 91 97 40 25 99 27 47 43 62 65 10 33 54 57 41 98 69 49 63 35 78 37 7 84 48 81 
81 99 3 1 51 59 57 20 25 90 16 94 63 36 92 22 76 26 70 93 82 34 80 98 62 40 91 77 2 5 39 50 18 47 71 66 14 31 33 54 8 9 69 43 19 89 37 67 97 85 74 83 75 56 88 30 73 52 53 72 64 28 48 11 32 78 65 45 86 15 7 55 49 35 21 58 46 12 87 42 79 38 68 4 60 23 44 41 17 96 29 10 95 27 24 0 61 13 84 
16 35 92 88 83 51 36 10 44 70 13 43 66 64 39 75 40 90 87 14 57 71 59 60 76 52 98 93 15 49 11 26 0 4 95 80 20 19 32 74 67 48 85 9 28 69 99 2 91 53 61 65 33 86 30 31 68 1 3 89 8 46 63 79 47 45 78 62 54 6 12 96 24 29 72 37 94 77 23 55 25 5 18 73 82 97 50 58 22 38 84 34 21 56 81 41 17 42 27 
91 50 1 25 75 26 7 15 3 51 52 33 37 80 54 82 39 85 61 68 62 16 81 47 70 92 46 44 9 71 42 83 74 29 18 72 60 96 90 89 27 32 10 23 53 19 58 34 12 66 67 97 38 13 48 55 78 73 14 65 2 93 5 88 4 49 6 94 24 86 22 99 0 40 35 64 28 98 76 79 87 30 59 69 95 84 17 77 20 56 36 31 11 57 41 43 45 21 63 
98 95 8 77 52 62 23 57 26 74 17 12 7 4 96 53 48 61 81 13 89 38 56 82 83 60 28 59 79 11 86 97 6 10 5 21 71 66 14 54 50 22 35 40 37 0 1 2 90 94 87 20 18 67 70 64 75 30 85 58 63 49 99 55 24 44 25 51 31 88 78 3 27 16 84 69 42 33 92 34 19 39 72 93 45 15 80 43 36 91 41 68 29 32 65 76 73 46 47 
68 39 70 6 37 15 60 28 83 59 95 25 97 4 2 5 31 1 64 69 22 84 56 35 32 54 16 79 0 45 36 19 96 27 58 74 91 48 50 55 71 44 7 3 49 38 63 76 17 53 52 40 47 73 18 93 12 57 46 65 33 66 78 51 81 67 9 86 11 34 41 87 14 89 92 85 99 23 82 62 72 77 24 20 43 13 75 26 90 30 21 88 8 29 42 80 61 98 94 
58 48 47 12 94 84 49 86 87 39 73 8 1 35 43 32 65 38 72 53 78 36 45 46 13 25 77 64 76 2 88 22 79 3 97 33 56 21 50 7 0 30 63 74 42 69 6 17 98 90 85 96 95 20 92 10 4 57 51 81 66 52 91 23 70 99 28 59 80 67 31 27 16 14 75 44 41 24 18 34 9 82 60 29 61 83 62 40 15 55 19 5 26 93 89 54 37 68 71 
90 35 25 94 57 3 77 33 28 67 2 71 70 79 24 40 29 98 83 82 85 19 99 10 93 91 73 22 52 20 64 50 76 36 1 60 62 68 11 58 75 42 81 15 0 38 34 45 92 96 30 61 5 72 80 32 44 54 27 59 6 46 43 17 37 14 39 55 97 16 65 18 86 23 4 95 56 89 31 26 84 48 69 13 49 63 9 41 51 74 87 7 47 8 88 66 78 53 21 
2 12 66 16 49 9 98 69 65 35 42 56 37 48 81 74 26 70 89 3 21 27 94 79 23 78 71 97 54 47 1 6 11 50 57 93 58 63 15 90 62 30 85 31 7 39 55 34 5 38 8 29 32 25 60 36 59 61 18 68 76 87 99 86 19 64 53 51 0 88 33 72 22 67 20 84 92 80 17 44 83 95 52 10 43 75 77 14 91 28 73 4 45 46 82 41 40 96 24 
22 18 79 95 42 82 20 78 31 16 63 2 8 11 35 41 84 65 23 12 96 6 21 49 83 61 99 48 91 62 34 0 74 24 28 4 15 58 75 13 55 17 7 60 26 88 57 47 10 51 38 69 87 53 66 70 27 80 98 19 1 77 72 89 76 92 40 36 9 37 59 94 32 46 56 93 73 85 68 50 54 39 44 29 71 45 5 52 64 30 97 3 25 43 33 81 90 67 86 
42 3 88 41 92 28 29 99 7 67 76 59 80 78 43 58 69 83 48 89 56 45 6 74 90 96 77 53 37 49 66 11 22 9 68 21 57 4 87 30 32 82 81 40 75 50 46 93 84 97 19 70 60 10 25 91 52 95 79 34 98 2 31 38 94 36 8 44 27 55 65 20 62 0 61 17 51 24 39 47 54 63 86 13 23 73 14 18 71 35 16 12 5 1 85 26 64 33 72 
38 93 32 97 5 33 17 40 58 73 24 70 47 6 28 56 21 36 89 14 11 46 49 30 45 35 1 99 48 41 77 25 86 50 91 63 81 71 65 2 90 67 51 13 69 22 57 27 4 96 19 8 75 15 29 98 55 43 80 12 68 87 94 76 74 79 54 95 44 20 23 53 31 61 72 92 18 0 88 10 37 9 52 42 85 34 64 78 83 59 66 3 62 82 7 84 26 39 60 
37 70 68 98 72 7 69 90 52 93 6 66 34 44 18 25 1 23 50 65 24 40 75 85 5 64 33 87 56 32 91 78 58 20 13 49 47 96 48 31 19 63 39 82 67 71 4 9 86 83 43 42 57 95 10 11 94 79 80 26 53 92 81 12 21 30 15 99 41 84 35 28 77 38 14 88 45 29 54 51 3 74 59 60 0 46 22 55 76 2 89 97 73 27 61 62 36 8 16 
43 1 11 39 56 16 57 77 85 94 91 52 9 23 99 5 63 80 27 12 14 92 44 40 32 2 51 70 13 83 35 65 67 46 31 60 48 89 55 53 59 4 88 25 45 33 28 34 74 81 41 78 47 86 61 37 3 20 0 8 49 68 10 42 24 64 50 90 76 79 96 95 66 69 19 73 71 58 7 22 29 6 72 84 87 15 38 62 98 17 97 93 30 82 26 54 21 75 36 
80 5 64 97 58 34 87 92 23 13 24 75 48 15 71 85 99 31 39 82 56 67 45 6 95 47 63 50 93 42 38 84 66 12 27 21 59 54 30 49 0 60 25 32 94 73 86 4 16 46 20 96 1 90 28 57 18 36 7 78 2 11 53 88 40 8 43 89 33 70 77 76 69 51 44 68 62 83 26 55 17 29 91 79 22 81 9 72 3 37 65 14 74 35 41 61 98 10 52 
95 59 7 90 74 89 26 73 56 88 28 10 16 54 68 98 24 84 13 41 63 75 23 21 27 18 0 22 87 33 83 3 64 76 72 5 60 45 99 30 71 53 49 15 85 94 48 38 58 78 55 96 34 69 81 29 2 93 44 25 35 61 92 80 77 42 9 40 51 86 46 97 67 66 36 39 47 19 31 17 79 32 57 1 82 4 6 11 70 62 37 65 8 91 50 43 12 52 14 
26 6 41 86 87 46 40 24 32 52 7 15 29 76 35 82 17 31 84 57 14 23 51 50 63 33 49 89 69 39 36 12 93 95 54 61 99 34 2 3 55 73 56 66 44 22 5 43 64 90 92 11 80 85 83 9 27 37 13 94 25 16 53 28 67 97 0 98 77 8 38 70 62 88 59 18 79 65 45 72 30 10 4 91 60 81 75 20 47 42 78 71 1 68 48 74 96 19 58 
34 67 30 48 93 63 72 81 82 3 24 73 66 33 97 8 20 19 9 49 32 0 86 70 89 39 50 47 69 29 92 61 53 42 84 21 64 58 44 27 11 35 56 80 41 54 5 75 94 59 60 51 7 26 87 68 43 38 65 83 90 40 77 74 79 91 37 13 36 88 46 57 1 10 45 71 17 2 31 78 28 95 6 25 85 96 55 14 15 4 98 12 52 99 23 18 76 16 62 
36 17 30 7 35 79 21 37 6 73 86 98 88 31 97 43 40 0 5 53 4 99 92 22 85 93 96 2 1 14 42 65 34 61 64 70 77 75 89 8 68 41 32 58 78 49 15 62 25 54 10 52 3 13 29 71 51 87 95 26 47 38 83 80 55 81 19 60 82 46 11 74 27 18 57 50 69 67 94 9 59 20 76 39 72 28 91 66 56 24 63 90 33 48 44 12 45 84 16 
31 66 71 73 17 5 9 6 20 48 29 37 45 53 8 47 10 1 57 92 89 25 56 7 75 80 32 99 51 61 93 60 23 14 39 63 76 42 58 46 40 15 74 41 88 65 43 13 95 98 77 11 62 18 68 55 69 85 91 3 79 52 22 4 94 78 84 96 87 16 21 83 70 30 81 28 0 72 35 19 33 44 49 59 86 90 67 26 38 12 34 54 27 2 97 64 82 36 50 
40 94 43 80 42 53 57 68 11 92 3 96 45 74 30 67 72 83 91 95 76 78 66 49 17 36 56 27 18 51 75 44 73 6 63 0 8 33 87 65 23 19 82 89 55 7 99 46 37 70 16 77 13 39 14 85 88 38 50 1 60 5 54 10 64 97 29 2 28 61 22 48 59 47 71 58 79 62 93 84 32 20 26 35 86 21 41 9 90 69 15 52 24 34 31 81 4 98 12 
72 35 34 40 25 10 4 82 22 27 81 54 75 74 49 12 92 31 98 89 97 50 32 11 76 99 94 96 41 73 95 93 20 18 46 16 21 36 30 59 86 43 79 52 29 51 23 87 13 2 14 56 70 39 88 47 62 57 61 6 58 15 78 55 3 48 1 83 90 37 64 38 65 44 91 24 80 66 45 69 84 0 33 5 71 63 60 42 85 7 17 67 68 9 53 8 19 28 77 
19 21 99 1 5 31 17 42 66 7 70 40 28 59 58 12 65 57 47 69 64 78 16 72 8 55 53 61 41 2 35 77 51 37 46 94 23 54 45 9 13 95 52 82 63 98 89 22 74 76 84 11 96 30 67 80 25 15 48 20 44 85 33 0 39 62 71 4 81 43 73 90 79 34 68 14 3 86 36 6 49 32 60 56 97 18 24 87 26 10 29 88 75 93 91 92 50 83 38 
29 93 31 35 19 42 13 24 9 49 65 52 47 40 74 36 10 23 2 71 4 68 70 25 82 8 95 51 44 26 86 14 83 30 27 67 58 97 1 33 75 48 11 73 17 41 34 5 69 56 99 46 76 84 64 79 50 20 45 66 98 15 62 39 94 3 43 96 80 87 32 61 54 7 57 21 55 85 37 22 90 59 38 77 0 6 53 12 88 72 63 18 60 16 89 92 78 81 91 
53 22 61 63 26 35 69 87 45 90 86 51 83 27 11 62 97 34 32 3 8 94 70 2 73 48 46 52 93 74 16 92 10 25 71 0 85 56 28 1 77 41 19 66 99 68 84 20 24 80 58 81 23 72 50 59 78 37 5 47 40 9 75 4 31 96 54 36 88 18 12 95 76 39 17 67 33 30 38 13 7 43 65 57 15 21 89 82 14 6 49 98 64 55 42 91 79 44 60 
68 40 59 35 4 50 98 37 61 39 38 36 34 92 46 85 69 32 73 75 82 79 83 91 5 24 89 71 18 54 86 44 51 95 48 64 26 3 1 12 65 55 33 90 11 94 43 47 57 53 99 81 56 21 19 49 41 97 27 62 8 67 80 23 88 6 14 58 66 2 7 42 29 25 52 0 93 10 60 13 28 70 63 78 16 84 9 72 77 96 31 17 22 76 20 45 15 87 74 
6 32 48 36 0 15 37 71 16 29 94 44 97 78 38 59 77 47 69 30 4 34 92 75 25 17 3 99 2 58 80 79 60 28 10 26 57 68 27 14 23 33 85 98 74 72 42 19 91 65 52 7 51 93 67 61 50 11 18 82 90 40 81 9 49 45 24 21 53 95 8 12 73 46 88 1 87 96 35 22 84 66 89 63 56 62 86 55 70 83 13 76 20 43 41 64 5 54 39 
17 85 16 26 70 83 46 9 7 39 75 93 5 28 14 77 22 23 84 40 76 61 45 62 71 25 86 27 31 98 1 64 92 6 18 97 78 24 11 80 63 72 43 30 34 53 33 20 59 13 58 68 48 42 99 69 52 81 60 88 74 65 19 10 0 89 38 47 21 95 94 56 41 57 82 55 36 49 73 29 12 91 2 3 90 44 35 66 50 87 8 15 67 79 96 37 4 54 51 
18 61 91 58 71 81 80 60 68 10 44 24 74 50 94 95 53 11 15 56 0 46 77 67 69 31 4 32 8 13 92 65 9 19 6 30 3 99 27 41 43 78 54 75 2 45 66 88 89 22 57 29 62 14 35 70 64 84 20 23 28 21 51 79 87 59 12 82 37 5 26 40 96 85 36 83 39 86 90 34 73 16 38 17 63 97 93 98 72 49 25 55 47 48 76 42 7 52 1 
30 67 24 84 58 27 95 32 69 99 22 71 53 59 65 4 19 96 18 9 64 66 56 20 51 43 40 70 12 90 25 16 5 79 76 29 55 7 82 77 78 97 6 75 74 83 50 38 2 33 62 8 37 60 42 68 47 63 98 61 23 11 89 39 80 13 87 49 57 86 93 3 81 31 41 92 10 36 45 1 14 52 35 0 15 17 26 28 88 46 85 73 44 94 21 54 72 48 91 
13 32 46 54 12 51 44 2 15 79 90 93 17 63 19 60 72 83 77 47 61 91 68 0 71 21 88 57 18 89 82 49 11 43 92 8 37 45 16 78 94 59 87 62 65 99 56 31 74 95 76 28 80 5 33 26 22 39 53 66 29 73 40 58 3 24 84 52 48 50 42 69 96 9 36 14 67 55 23 75 7 1 86 97 38 27 30 34 81 10 6 64 98 85 4 25 41 20 70 
56 91 62 2 54 18 98 75 30 32 43 11 33 44 51 53 90 87 24 6 19 55 71 23 99 4 48 8 60 15 49 88 7 79 31 86 97 5 69 59 0 47 50 13 9 85 40 16 92 77 29 25 82 10 14 61 42 17 89 28 20 38 35 58 52 94 27 80 37 76 39 83 12 64 22 96 3 21 63 45 95 26 93 41 74 84 67 70 46 72 57 65 34 66 73 68 78 1 81 
46 13 58 10 36 80 84 62 96 21 82 32 94 83 3 88 64 70 33 59 7 75 27 57 49 90 42 20 40 81 68 55 22 79 86 78 52 71 0 23 92 26 51 77 14 5 34 47 99 11 9 18 31 38 48 6 50 43 54 19 53 30 41 65 76 63 97 93 17 12 56 2 73 8 87 66 72 67 35 39 16 69 60 45 91 61 74 24 44 95 25 29 4 28 1 98 15 89 85 
37 66 18 94 71 82 92 47 72 9 79 11 55 39 83 84 49 33 45 64 7 8 0 86 95 52 41 32 19 70 54 90 61 43 80 98 50 60 88 34 23 75 46 29 78 17 3 31 53 30 24 10 97 2 22 51 36 99 93 14 35 21 68 67 27 13 28 1 59 12 76 81 40 77 15 42 74 96 6 44 63 56 48 58 57 89 62 91 73 87 85 20 69 5 26 25 16 65 4 
6 4 62 92 68 17 71 84 78 28 61 0 93 30 8 77 24 85 81 2 70 42 25 67 53 59 57 32 58 79 88 27 47 44 16 99 74 94 26 13 35 72 48 33 41 20 90 19 40 60 83 43 7 22 29 69 97 18 63 82 64 5 31 34 51 52 37 15 12 45 91 75 66 55 76 1 21 23 86 73 65 89 98 50 96 3 38 10 80 56 87 14 9 95 11 49 36 54 46 
5 74 75 45 92 73 85 54 68 53 46 83 66 61 71 24 47 90 56 86 15 89 33 60 93 38 65 77 11 49 22 4 3 14 16 36 10 88 96 99 18 0 70 57 91 39 51 98 26 42 30 2 72 1 21 32 82 87 9 27 48 79 62 67 84 44 55 12 64 69 25 37 76 63 13 8 81 17 52 50 19 34 31 59 29 80 20 6 41 7 95 28 97 43 94 23 78 58 35 
0 66 17 84 22 40 46 11 33 43 86 2 10 59 88 55 82 77 50 25 85 76 15 23 54 95 91 34 27 97 3 65 78 79 74 62 58 92 68 18 81 6 31 44 21 26 48 28 87 7 30 69 29 73 14 53 71 61 47 19 8 94 70 37 98 20 63 12 16 83 80 49 72 89 38 13 93 51 35 67 42 90 5 75 64 57 24 32 52 56 39 60 1 4 96 36 99 45 9 
63 95 81 57 7 78 22 13 93 36 9 67 5 1 19 56 21 0 65 15 25 64 54 30 71 83 99 55 62 50 86 38 14 73 84 66 28 49 89 3 39 85 70 68 59 98 47 40 20 18 27 23 60 88 12 79 2 10 51 53 4 69 80 76 90 45 31 32 16 44 41 43 52 37 61 6 24 77 94 75 97 87 11 33 26 35 48 96 74 91 46 92 34 82 72 8 58 29 17 
96 49 23 80 4 62 54 66 39 89 51 69 6 82 27 83 94 41 5 53 31 73 35 74 20 71 12 26 25 14 63 48 91 40 13 1 76 29 97 50 90 78 32 46 24 7 92 86 64 68 36 17 45 95 44 84 47 87 85 79 56 65 60 88 8 33 19 70 21 15 75 93 67 28 42 59 61 38 58 34 10 0 9 98 3 81 18 22 55 37 72 30 99 52 77 16 11 57 2 
8 3 35 49 10 69 20 63 56 9 67 54 47 41 88 15 80 86 46 65 25 0 34 21 55 91 17 96 12 71 57 84 64 99 7 81 77 39 38 94 82 78 74 2 75 95 27 13 30 19 72 1 50 68 66 93 51 6 40 28 31 14 70 87 45 60 76 58 5 37 26 61 97 43 62 79 48 73 18 33 53 89 4 32 23 92 42 24 83 36 59 22 52 85 29 16 98 90 11 
4 32 93 25 43 26 31 55 52 75 87 24 36 17 81 46 59 57 20 12 48 79 7 14 51 62 97 34 6 65 50 39 72 99 89 95 49 69 23 92 91 10 13 30 18 78 35 84 28 3 76 80 47 74 54 22 16 60 38 41 64 42 27 94 2 58 96 19 85 56 67 83 21 98 90 88 8 66 9 71 5 15 61 11 70 29 82 63 1 86 44 68 0 37 53 77 40 33 73 
27 12 29 97 33 87 73 0 34 8 71 88 52 26 59 93 66 10 69 56 63 39 41 44 99 75 15 72 7 28 85 65 16 45 2 38 9 23 25 13 80 60 89 11 96 94 20 79 74 55 61 90 35 4 83 22 48 86 19 77 5 30 42 37 95 92 49 82 62 14 84 18 54 1 67 91 57 24 68 76 81 40 43 51 32 64 50 36 17 58 3 78 70 47 6 98 53 21 31 
89 52 87 20 96 36 26 77 74 5 15 85 79 22 51 56 90 81 41 80 11 10 49 88 48 34 9 13 62 33 35 57 59 32 23 19 25 45 92 29 71 98 54 46 27 93 64 12 91 60 0 24 58 44 75 63 55 50 67 31 40 17 66 3 70 84 14 21 61 6 2 30 82 97 18 78 65 16 99 68 73 94 72 86 28 42 69 37 43 53 1 39 95 7 83 38 4 76 8 
83 36 68 87 37 15 85 47 98 56 92 26 61 46 65 96 70 42 17 62 24 10 77 19 64 86 72 93 22 79 3 58 18 59 53 13 12 69 4 6 76 14 82 9 40 94 45 33 7 73 99 84 71 90 51 78 31 43 50 57 25 97 34 2 80 23 35 16 75 41 28 11 89 81 38 20 5 55 32 30 39 74 29 52 66 60 21 63 49 44 95 0 8 91 54 1 67 88 27 
34 50 52 61 95 90 67 80 81 40 28 19 3 93 99 91 79 86 22 53 72 11 48 71 89 82 13 38 54 73 1 55 2 46 24 32 64 21 47 63 65 20 17 18 43 68 94 8 26 88 97 33 7 96 16 12 15 77 84 14 75 60 57 30 39 58 10 36 27 37 29 42 70 35 66 41 85 23 45 51 9 92 56 4 6 5 87 0 76 74 69 59 83 44 98 62 25 31 78 
21 81 93 41 46 96 48 52 36 77 90 17 65 45 44 6 72 88 0 38 7 51 64 1 84 43 58 98 25 8 61 3 42 57 40 10 59 89 66 23 87 94 34 63 15 79 47 69 13 2 76 39 35 30 49 29 20 14 99 9 60 78 37 85 18 5 80 74 19 31 55 28 4 53 73 26 24 75 67 56 71 33 68 32 95 97 11 92 27 12 91 83 22 54 70 86 16 62 82 
54 8 77 27 56 47 97 14 98 9 87 45 99 30 38 57 74 10 62 79 69 12 24 92 43 22 91 94 19 5 66 7 2 41 73 58 32 93 78 76 11 65 42 48 80 25 55 86 60 35 0 52 89 90 64 3 21 13 26 33 53 50 15 20 72 61 40 71 18 70 44 39 88 29 1 63 4 36 75 59 16 17 85 67 84 6 31 46 83 82 34 95 96 49 81 37 23 28 68 
7 34 10 22 96 29 36 37 26 80 21 88 81 55 28 51 4 3 5 31 14 75 16 0 54 41 32 13 35 40 97 23 86 79 45 18 44 73 50 12 89 19 60 11 57 90 92 65 56 70 74 98 8 68 33 82 95 91 49 67 72 30 47 94 59 93 76 83 64 66 63 27 71 99 25 20 9 1 53 15 62 39 77 42 85 43 17 58 69 61 48 84 87 38 2 24 46 6 78 
33 48 67 96 75 26 3 50 22 46 18 56 72 63 79 13 1 15 68 74 47 51 90 97 65 73 30 91 99 7 95 10 80 87 76 49 35 57 32 20 12 70 94 24 62 71 59 81 60 89 14 92 64 86 25 27 4 28 82 93 88 45 66 44 34 61 8 52 43 5 41 11 54 85 69 21 39 9 17 2 16 0 42 23 37 83 31 6 55 58 29 40 38 84 98 78 19 36 77 
42 84 97 63 55 40 90 68 87 37 93 1 34 24 82 30 67 56 65 85 77 11 60 18 6 58 43 47 95 20 0 72 14 25 23 21 53 13 62 8 98 26 48 88 80 36 29 22 38 45 49 96 79 73 61 10 75 86 28 31 19 44 7 16 94 3 83 39 66 81 64 91 70 59 71 33 12 51 4 41 74 69 99 92 76 46 57 52 35 78 2 50 27 17 15 32 89 5 9 
40 56 65 77 85 72 37 30 93 46 80 20 81 68 47 8 90 95 71 5 18 12 61 69 35 33 13 82 4 76 99 91 62 39 59 36 25 63 94 11 34 3 86 48 42 89 58 28 26 84 57 83 27 67 64 15 41 70 54 22 9 23 14 24 29 45 16 51 79 74 66 21 92 44 73 6 1 75 2 10 7 50 98 31 19 0 88 38 60 97 17 53 32 49 96 52 87 78 43 
61 46 0 90 19 47 38 24 40 95 78 84 53 7 89 94 81 33 39 83 82 48 93 66 42 96 97 21 52 11 44 91 86 26 51 72 3 16 59 74 9 55 45 92 37 60 98 69 6 30 54 23 36 41 71 88 2 17 25 28 31 12 68 20 49 27 87 65 57 4 1 22 32 13 43 34 75 70 58 73 29 10 18 67 76 79 50 99 64 14 85 80 62 8 77 63 15 5 35 
21 80 27 65 48 29 11 10 46 63 13 50 72 25 31 40 73 99 51 17 0 90 6 49 2 14 84 39 42 62 53 77 15 22 91 47 12 52 16 74 30 96 18 94 8 81 1 58 38 95 82 79 37 71 69 19 33 87 78 59 20 35 43 76 83 45 66 5 23 34 93 44 68 88 75 36 54 55 85 32 98 89 97 3 70 7 64 61 56 92 41 24 26 9 86 60 67 28 4 
15 96 32 20 71 33 23 24 52 48 81 36 0 43 21 65 75 4 1 37 38 47 26 62 93 29 98 84 6 30 27 60 41 77 55 89 63 57 14 51 68 95 90 11 76 2 10 53 92 7 18 97 54 13 70 39 82 94 64 80 12 3 28 22 42 9 74 5 34 31 79 73 59 78 8 69 40 49 56 17 19 25 91 83 16 85 72 46 66 44 88 61 35 67 87 45 50 99 86 
47 78 16 54 29 61 71 69 67 34 98 82 35 73 36 76 9 38 51 63 4 65 96 7 88 18 75 87 74 20 52 30 40 83 77 50 21 66 13 97 60 99 19 79 48 85 49 27 22 91 72 92 0 15 17 55 64 11 2 70 23 10 6 3 41 25 86 56 95 5 1 42 12 14 94 53 8 89 28 33 57 24 45 62 32 93 80 43 31 26 84 68 81 58 90 37 44 46 39 
54 90 17 33 0 79 86 38 28 37 70 81 36 61 16 78 39 40 32 87 23 72 99 7 93 82 42 35 52 69 74 96 29 10 3 45 65 31 6 91 53 9 68 89 49 66 43 21 14 59 73 15 71 26 46 19 51 88 4 12 56 75 58 95 64 97 13 50 18 25 76 11 24 83 85 1 62 30 34 2 22 27 80 94 41 63 8 55 98 48 44 57 20 5 77 47 92 84 67 
18 21 79 37 45 20 8 13 64 22 19 94 86 14 38 55 48 30 57 63 97 65 15 75 24 88 66 44 95 53 91 46 83 26 50 56 80 7 74 87 43 81 59 85 41 29 9 90 16 36 78 99 39 73 12 49 11 93 58 60 82 72 27 33 40 5 0 10 6 67 92 96 31 42 3 68 28 77 51 34 25 32 4 23 62 52 35 89 84 70 47 71 76 17 2 69 54 1 98 
66 25 58 3 18 22 86 60 11 57 5 36 0 85 90 59 40 14 87 42 12 70 80 63 73 55 4 27 89 97 83 76 68 71 56 16 33 37 28 17 79 75 34 52 10 43 21 13 53 29 81 91 93 7 20 41 82 38 98 49 99 64 92 45 67 96 39 54 46 47 24 31 9 35 44 15 23 94 2 50 51 48 78 6 84 88 69 30 72 61 77 26 65 8 1 19 95 74 32 
6 67 18 11 80 19 1 64 51 75 55 20 13 56 42 49 40 58 62 70 39 84 50 32 14 30 23 37 54 92 12 17 52 71 8 76 86 16 4 28 96 78 45 53 46 72 81 25 85 60 27 43 36 68 5 77 24 83 48 90 22 41 69 10 35 61 15 31 99 82 98 3 97 26 65 29 2 73 59 94 91 44 34 57 9 79 38 93 0 89 7 47 87 33 88 74 66 21 95 
72 88 22 66 31 10 43 30 53 54 24 39 51 37 21 90 87 52 42 12 14 6 9 16 33 41 57 95 0 46 68 29 67 84 27 82 74 80 91 15 38 81 93 34 83 23 99 25 76 98 61 60 94 4 70 78 45 18 1 19 26 28 44 71 85 65 63 75 32 2 36 59 73 58 13 17 20 50 55 86 11 96 62 40 69 7 92 56 48 89 79 77 8 3 49 5 47 97 35 
31 64 89 39 19 37 86 24 96 79 18 50 44 62 97 75 68 93 60 54 81 82 83 30 88 7 0 71 73 42 72 40 14 13 52 29 41 49 58 38 10 27 78 33 6 67 2 55 45 16 35 63 99 32 87 21 80 56 94 26 11 90 17 15 46 12 34 5 23 57 98 74 95 47 77 3 85 22 20 84 51 28 76 43 61 59 66 53 48 9 91 36 25 70 1 92 4 69 8 
36 30 24 9 91 56 94 38 81 71 64 95 20 46 93 83 98 18 82 21 43 34 41 42 8 23 51 59 76 78 22 97 85 10 87 89 26 6 80 58 70 57 17 15 49 73 86 62 11 3 4 44 53 68 96 16 92 65 69 47 60 14 52 84 27 28 1 77 88 32 5 54 75 48 90 2 79 40 31 74 61 99 12 50 25 29 37 45 67 33 55 39 7 72 19 0 35 13 63 
60 86 85 55 63 78 38 44 43 73 45 48 56 80 66 9 19 4 15 96 10 18 20 90 98 14 49 88 21 87 68 83 13 82 95 6 79 71 74 57 36 27 51 97 65 11 2 40 59 77 17 84 22 42 34 8 62 16 7 0 41 46 93 26 69 35 91 24 64 30 92 39 12 33 37 76 89 81 25 32 61 53 50 58 99 23 52 3 70 29 94 28 54 47 1 75 72 5 31 
31 27 95 75 80 84 17 47 61 6 50 14 19 49 23 62 86 82 36 30 2 7 67 20 96 74 60 99 22 78 46 56 16 42 88 37 87 3 13 55 28 94 79 63 85 98 57 91 44 71 15 58 4 29 51 83 48 10 5 39 9 1 66 38 65 18 64 26 93 33 77 53 0 90 21 59 89 73 52 72 76 25 8 12 41 97 81 70 43 54 35 32 40 24 11 92 45 69 34 
45 26 17 85 64 19 28 40 21 59 73 7 25 51 29 38 87 12 79 37 96 44 78 47 63 83 39 57 9 18 94 30 82 90 27 36 50 6 56 76 97 68 88 43 98 86 5 48 1 22 13 42 65 8 60 3 24 91 4 55 52 16 95 77 2 31 99 74 92 58 71 84 20 14 89 66 67 75 54 11 93 35 0 81 15 10 33 61 53 72 23 32 70 41 34 80 62 49 46 
25 57 61 51 15 16 6 82 19 45 40 79 36 46 14 90 94 76 92 93 47 20 54 42 1 91 23 38 41 9 55 18 28 37 67 4 96 29 12 32 50 3 68 88 95 11 66 49 80 85 0 27 30 77 64 43 60 71 81 69 8 99 98 86 87 58 48 74 10 5 34 35 89 75 73 56 22 31 62 2 97 63 65 7 53 52 26 72 83 84 59 21 13 24 17 78 33 44 39 
35 58 95 53 1 89 47 90 88 28 80 98 70 18 23 75 19 15 5 78 72 34 52 14 50 87 29 37 96 54 22 30 31 57 69 63 84 41 94 67 51 24 26 82 42 2 9 6 93 11 91 40 65 83 3 59 20 8 60 27 86 44 16 39 38 73 79 17 21 66 92 55 81 0 43 48 32 33 12 4 10 97 99 56 64 49 74 46 62 13 77 7 45 68 61 36 76 25 85 
81 14 48 94 35 50 21 86 37 82 66 22 41 4 38 59 73 17 5 58 87 29 67 40 64 77 93 25 10 61 97 23 12 39 36 51 85 44 15 75 2 19 32 28 65 52 55 6 62 8 43 0 80 7 34 57 53 27 54 96 84 83 11 1 95 16 63 9 92 3 24 99 49 90 89 76 26 91 78 79 18 70 56 31 20 98 13 74 69 47 88 30 60 33 46 71 45 68 42 
64 58 80 44 78 18 29 45 8 7 88 57 94 37 90 60 67 4 6 21 39 72 3 65 51 26 71 12 46 55 33 79 83 10 95 68 87 27 54 13 5 32 89 99 17 40 47 96 41 20 2 19 43 1 56 91 97 82 69 30 76 77 28 59 31 84 35 75 9 53 50 61 85 0 63 22 24 74 36 49 23 14 15 62 93 16 38 34 70 11 92 66 86 25 48 42 98 52 81 
35 75 33 72 88 21 15 68 34 3 99 86 20 77 36 16 50 70 38 41 66 28 8 83 11 5 39 91 14 23 67 65 25 24 55 61 71 93 87 42 22 29 37 26 94 30 92 4 7 47 49 9 89 48 96 12 19 59 80 2 82 69 17 64 52 31 95 57 60 18 85 44 54 78 97 45 73 62 53 84 58 32 56 6 46 76 81 43 1 98 10 79 63 40 90 27 0 13 51 
91 72 14 58 10 37 4 27 51 29 22 55 38 43 16 34 65 42 70 7 46 87 21 86 98 59 71 45 77 88 13 62 0 1 61 26 95 68 23 24 85 83 84 3 11 8 40 15 99 19 30 67 53 78 33 32 12 66 60 31 57 25 17 20 69 6 76 18 80 89 56 48 5 97 82 28 73 96 93 36 41 50 35 52 79 49 39 9 63 54 94 64 2 74 47 90 44 81 92 
68 3 33 5 90 98 27 49 36 10 0 20 24 6 64 55 79 63 4 94 80 81 26 60 7 22 84 95 99 82 83 44 28 56 74 30 43 89 96 91 16 58 21 32 35 46 17 45 40 13 23 59 67 12 38 92 37 34 71 39 72 66 47 86 53 61 14 15 1 50 48 2 51 19 8 65 31 88 52 87 57 93 75 29 85 9 69 25 41 70 73 78 77 97 11 42 62 54 18 
52 5 43 23 34 60 76 91 98 6 99 65 79 16 59 19 53 26 29 73 48 18 89 56 30 15 0 64 80 57 3 51 93 8 86 11 36 35 7 2 38 49 45 24 13 58 14 75 85 97 21 70 47 69 32 44 33 22 55 82 83 66 12 37 63 71 92 88 46 62 40 78 50 41 74 94 4 67 9 84 28 25 31 42 39 27 1 96 17 90 10 61 54 68 81 72 20 87 95 
58 7 46 20 49 44 5 18 28 21 52 92 55 50 30 94 2 91 0 71 16 51 60 89 77 19 14 99 97 47 38 10 33 70 24 68 86 26 39 8 35 85 45 25 31 36 62 59 1 90 43 6 83 12 76 88 42 23 96 79 29 98 87 80 3 41 9 56 93 67 17 4 22 73 32 69 74 53 72 61 66 65 81 54 37 40 13 27 57 64 11 84 82 34 15 75 48 63 95 
81 33 85 97 21 43 35 96 22 15 77 6 90 51 47 74 5 62 1 44 3 7 34 64 28 39 67 80 70 42 98 24 52 26 55 83 56 59 60 20 84 99 8 11 75 68 37 40 48 73 12 65 0 82 61 45 29 91 46 89 88 2 50 49 25 69 72 41 78 93 30 94 19 76 17 71 4 58 38 87 14 95 92 32 86 53 18 54 31 63 66 16 36 10 27 9 23 13 57 
62 18 44 27 13 91 24 28 75 51 3 46 2 1 77 70 61 15 95 9 6 52 68 23 38 41 67 40 69 34 57 90 63 43 66 25 16 64 79 54 55 76 26 86 49 53 81 36 48 83 78 87 47 82 11 71 22 59 72 5 73 8 96 0 4 84 89 98 39 93 50 17 20 94 42 32 31 85 92 74 21 56 14 99 19 12 29 60 10 33 97 37 35 88 7 58 65 45 30 
9 97 66 39 98 24 77 83 36 7 72 12 64 21 85 25 62 20 35 55 65 96 58 57 89 5 92 48 54 0 44 4 30 22 68 49 90 38 91 26 29 45 14 23 86 95 67 87 93 78 50 63 60 47 76 33 37 56 52 6 42 32 71 80 51 88 75 79 41 69 10 17 84 13 16 2 34 11 82 31 27 19 18 40 46 3 43 70 61 28 94 8 15 1 59 74 53 99 73 
78 4 26 64 96 25 44 15 77 12 84 10 62 94 87 80 19 76 11 57 35 41 88 86 63 42 81 6 18 79 58 68 70 93 47 33 37 56 3 83 20 22 13 75 27 52 8 72 97 38 21 0 16 53 5 2 73 45 31 99 7 17 85 91 43 40 59 24 90 98 9 30 95 23 61 32 67 49 39 55 89 46 29 92 50 14 69 66 71 74 34 51 60 28 65 36 48 54 1 
10 94 80 85 12 48 8 20 18 95 28 74 49 71 1 46 52 23 87 99 77 92 16 54 72 13 82 36 56 14 21 15 35 25 64 98 34 97 11 65 7 61 60 5 57 63 24 31 84 66 73 91 44 38 68 42 26 90 88 75 43 2 93 79 6 0 27 37 67 17 78 19 76 89 59 51 30 32 53 45 22 47 86 96 41 62 70 39 50 58 69 9 3 55 81 33 29 40 4 
89 70 40 18 10 67 16 75 50 35 43 57 79 26 81 69 56 3 1 2 92 80 63 34 55 82 19 4 15 33 62 64 29 25 53 49 93 20 36 90 77 31 45 85 42 46 68 0 72 8 5 44 7 24 11 27 61 23 37 71 21 96 76 6 22 91 51 99 41 30 98 39 66 78 59 32 74 73 47 88 17 97 87 9 60 28 38 13 14 54 52 83 12 86 94 95 58 65 48 
49 76 51 40 57 36 73 68 34 50 6 77 58 21 81 46 0 82 42 26 41 94 4 31 32 39 88 70 19 15 23 24 91 8 74 13 96 1 48 5 52 93 30 98 10 38 35 59 56 87 29 54 9 97 92 53 64 43 45 95 60 3 84 37 66 80 22 2 20 99 18 7 79 16 69 27 44 90 28 72 75 61 12 83 86 55 71 47 89 63 67 33 11 17 14 78 62 65 25 
82 1 9 39 73 23 6 24 36 27 68 96 76 32 72 65 67 94 49 97 21 51 58 52 61 55 57 64 87 45 66 37 15 26 89 11 10 50 0 69 74 46 34 62 14 33 78 12 80 99 40 30 48 77 56 84 4 3 95 35 92 59 63 44 18 25 75 29 17 54 42 47 8 93 13 41 79 91 20 90 28 31 88 83 71 53 16 70 19 60 98 38 22 43 2 7 85 81 5 
53 10 33 82 81 34 14 74 55 48 19 91 63 15 72 79 90 8 17 38 61 83 99 23 95 54 36 93 50 37 39 67 43 45 70 92 56 78 5 4 16 21 12 66 18 62 46 35 29 68 31 89 71 65 3 28 13 59 32 40 1 47 64 75 49 51 6 7 69 60 96 9 86 2 0 24 58 26 77 11 20 41 98 97 52 42 80 44 25 57 85 94 30 22 76 73 84 27 88 
7 63 20 19 47 41 22 80 39 82 78 42 58 51 56 14 52 77 1 25 30 83 2 15 28 44 95 8 43 76 10 9 23 64 72 65 71 89 53 79 11 90 24 46 50 75 5 0 93 29 45 96 54 16 97 94 87 84 69 26 35 48 55 57 31 61 70 36 81 21 3 86 91 85 60 67 13 74 40 33 92 62 38 37 73 68 27 59 99 18 49 66 12 32 34 17 98 6 4 
13 82 55 33 30 7 77 42 85 57 21 14 44 3 27 22 91 45 24 49 86 53 52 63 58 4 93 26 61 98 10 75 96 94 15 38 92 41 36 78 48 73 8 79 9 50 5 68 31 11 47 34 97 35 90 64 99 0 60 59 81 2 28 74 71 54 20 46 62 25 40 56 66 83 39 43 17 69 65 23 70 32 76 12 87 95 84 80 18 6 72 88 19 37 29 16 51 1 67 
26 63 92 85 64 94 67 7 43 37 23 58 47 41 20 15 33 46 28 73 44 8 57 51 45 81 10 62 36 80 49 48 9 82 97 59 13 99 91 24 22 52 35 53 14 93 89 29 74 96 42 72 66 39 3 25 88 18 87 95 31 65 70 2 75 60 1 40 84 5 69 4 19 98 30 77 50 61 54 6 27 34 71 17 83 0 38 21 55 32 16 68 11 12 76 56 79 78 86 
2 74 18 44 9 10 94 95 72 73 28 86 42 21 79 38 1 76 58 62 97 68 16 51 19 50 99 92 78 24 45 52 14 96 87 49 47 6 65 90 20 93 98 34 53 39 81 85 17 36 31 60 26 83 54 89 32 12 82 61 66 0 37 64 71 29 11 56 4 23 30 25 8 88 67 13 70 77 5 84 41 75 33 43 63 59 46 48 27 22 80 3 55 40 15 69 35 7 57 
43 64 25 36 42 0 87 14 13 80 6 44 58 37 20 2 84 12 79 30 93 4 32 41 99 23 48 51 91 38 89 56 39 95 86 11 27 55 65 16 76 75 47 22 33 67 5 96 29 7 28 40 26 66 19 72 24 10 57 52 78 98 77 15 17 8 35 34 61 94 62 46 63 49 9 50 31 21 73 70 53 68 3 97 54 69 1 71 90 83 45 85 18 81 74 82 60 88 59 
37 67 16 3 68 56 51 10 11 82 44 80 48 75 59 99 79 50 53 84 7 97 78 81 86 61 77 49 8 18 57 6 22 19 55 34 35 29 26 32 40 1 4 65 88 15 58 47 12 71 42 27 85 25 21 91 43 72 46 74 73 92 64 89 62 66 54 9 70 63 96 23 33 30 98 2 17 69 39 95 14 28 20 83 36 60 5 13 87 52 41 90 0 76 38 94 24 31 45 
62 23 91 27 73 90 40 2 15 30 92 83 43 97 46 61 17 45 95 87 58 48 54 26 3 0 55 35 5 21 72 80 42 66 71 88 84 8 4 49 32 36 70 56 47 69 13 96 24 50 18 68 93 9 86 51 99 31 14 37 19 98 20 82 74 28 63 39 76 38 77 10 57 60 6 33 41 34 89 25 16 1 78 7 81 52 64 29 44 75 53 65 12 11 22 79 67 59 85 
65 17 34 12 13 53 38 66 85 60 83 72 39 30 82 15 35 50 84 9 23 32 40 74 36 55 6 78 52 67 46 37 56 69 16 8 29 3 80 20 87 90 43 22 94 96 28 10 18 73 25 5 54 4 0 57 31 92 99 19 71 63 27 68 41 86 21 62 1 51 81 97 14 93 75 89 64 58 59 49 48 7 45 76 47 77 42 79 26 88 98 44 70 91 24 11 61 2 33 
57 50 14 90 82 64 70 7 45 0 35 52 84 67 75 17 12 65 61 58 81 40 30 79 11 89 19 39 66 47 27 69 43 87 68 25 86 80 92 41 38 99 10 5 94 21 85 9 37 42 98 28 2 56 55 74 46 6 15 77 73 62 16 20 60 1 71 97 33 26 72 32 51 76 63 78 36 24 34 54 8 3 91 53 88 29 13 48 23 93 44 4 18 95 49 83 22 31 59 
66 77 33 94 49 64 53 75 73 39 93 40 26 30 5 29 9 34 3 50 90 87 45 32 52 69 71 28 7 23 89 8 92 72 80 62 51 14 25 31 1 96 68 67 11 4 38 59 48 16 99 41 15 57 37 35 6 86 17 85 58 44 81 42 0 70 98 79 24 10 83 36 47 63 88 76 60 43 61 82 27 18 78 12 65 20 91 56 2 13 46 55 95 19 54 84 22 21 74 
5 74 45 83 15 70 3 1 27 76 95 46 97 77 29 88 7 73 72 96 13 78 11 10 28 36 64 4 39 33 30 87 23 47 52 32 75 89 86 67 21 8 57 6 54 51 65 69 82 16 34 35 59 19 92 49 80 0 41 14 66 38 20 84 99 17 22 44 85 53 50 26 93 40 63 58 60 91 37 55 48 24 56 31 18 25 61 43 9 71 62 90 81 12 79 68 94 42 2 
41 72 51 30 40 39 65 74 26 31 0 38 23 10 78 94 91 49 58 50 84 5 98 76 73 29 8 7 82 18 95 77 6 2 24 52 64 70 68 42 32 11 45 14 13 79 88 60 81 93 92 12 63 66 20 44 57 37 47 34 59 21 89 16 75 55 56 28 53 35 22 67 46 25 80 97 61 19 86 96 17 85 27 43 33 3 62 71 83 15 48 87 69 36 4 90 1 9 54 
