20
2 4
12 5 1 10 9 17 15 16 2 13 8 3 7 14 6 19 18 11 4 
4 2 11 16 0 17 3 19 5 7 8 10 13 9 18 14 6 15 12 
15 5 12 14 1 0 16 8 7 18 10 3 19 13 4 9 6 17 11 
6 0 2 5 13 15 1 16 10 18 7 14 9 11 19 17 4 12 8 
0 7 14 16 1 12 15 18 9 13 3 17 11 10 8 5 2 6 19 
12 4 17 11 2 10 7 8 3 1 9 14 6 19 16 13 15 18 0 
4 8 16 7 18 0 17 1 11 5 15 13 19 10 3 2 9 12 14 
2 0 1 5 19 9 4 16 15 17 18 10 8 14 12 3 11 13 6 
18 17 6 0 1 2 14 13 3 5 15 7 9 12 16 19 10 11 4 
16 13 2 19 6 3 1 7 5 17 15 18 11 4 14 10 12 0 8 
1 9 3 11 0 5 14 18 7 2 4 6 16 19 12 17 13 15 8 
16 2 17 8 1 15 13 3 12 0 5 6 4 18 14 7 19 9 10 
7 0 11 2 13 10 15 9 4 19 17 6 16 3 1 8 18 14 5 
0 12 11 1 19 17 5 18 15 2 7 16 10 9 6 3 14 8 4 
12 11 4 2 19 9 18 10 5 1 15 7 17 8 16 6 0 3 13 
9 12 8 18 6 19 13 1 14 5 4 2 10 0 7 3 11 17 16 
11 9 3 6 13 10 0 7 8 15 4 18 19 12 1 17 2 5 14 
3 14 5 10 19 1 4 11 7 6 12 8 2 9 16 0 18 15 13 
11 14 3 7 0 2 9 8 6 13 16 17 1 5 10 15 19 4 12 
16 18 17 7 8 13 1 4 14 12 5 11 6 0 2 9 15 10 3 
