100
5
70 2 16 63 65 69 59 32 64 68 90 6 9 27 5 48 8 66 51 76 87 30 97 91 3 11 50 17 73 99 12 38 54 22 55 15 95 36 19 4 1 84 71 96 21 41 24 75 56 49 23 80 83 72 52 35 34 85 10 74 98 46 47 89 37 53 20 67 94 58 33 62 40 44 60 29 25 13 77 86 57 88 78 42 31 39 28 79 82 43 14 61 45 18 93 92 81 7 26
24 95 57 59 76 70 75 49 65 87 13 80 81 19 34 17 90 9 23 14 2 25 92 30 26 67 6 40 98 53 54 29 44 42 58 82 28 94 62 60 4 78 63 32 50 7 88 91 11 5 37 35 45 83 72 15 41 46 22 56 38 79 52 18 3 73 64 33 77 69 10 97 21 84 39 12 66 68 31 8 0 48 27 55 86 89 43 85 36 16 61 47 74 96 93 99 51 71 20
20 69 81 67 70 65 46 53 97 79 55 34 29 40 91 47 6 35 64 12 23 31 76 68 14 32 98 15 50 44 87 9 85 93 0 3 83 88 49 92 73 26 27 48 96 60 89 61 72 24 41 21 10 4 33 5 43 94 38 62 75 90 99 86 39 22 52 58 13 17 16 56 36 95 30 37 80 11 42 8 18 77 71 78 28 63 45 66 74 25 57 84 19 1 54 82 51 7 59
10 48 91 33 93 28 35 95 19 88 37 78 18 79 97 1 47 26 64 20 42 66 89 45 21 85 50 30 76 84 22 12 58 43 62 40 75 77 67 60 4 72 16 69 81 68 36 51 2 9 29 96 5 94 82 32 6 7 59 38 56 99 0 17 44 27 46 55 87 63 65 31 86 8 14 71 70 74 57 25 11 49 80 54 61 39 52 98 41 23 13 15 73 92 90 53 34 24 83
40 21 83 28 80 55 32 34 81 64 24 41 38 90 78 52 60 66 67 29 42 36 31 39 16 51 92 1 75 11 0 88 65 48 17 89 69 22 8 2 13 20 82 30 53 62 93 3 61 10 97 98 47 26 46 54 23 56 74 85 77 27 76 71 57 58 73 86 12 59 95 5 94 25 9 49 99 91 96 43 84 50 45 18 35 72 63 14 68 79 15 87 6 19 33 70 44 37 7
28 13 87 83 74 98 93 0 53 14 71 99 33 7 27 50 75 4 72 76 62 38 92 44 23 61 57 24 22 69 59 60 73 3 34 55 96 85 77 51 26 54 88 86 31 11 89 29 70 40 41 42 17 65 2 10 63 82 6 81 30 9 80 15 56 97 35 79 19 91 16 39 21 49 90 95 46 32 43 66 58 18 67 47 84 94 64 45 1 68 20 36 78 12 8 37 52 25 48
56 9 82 29 49 21 27 96 23 37 85 61 31 79 25 71 33 59 95 3 5 11 32 19 46 17 62 92 14 51 65 73 12 57 30 70 77 39 16 8 18 28 2 86 76 1 87 44 0 55 98 75 69 45 94 80 93 42 88 7 35 48 72 53 26 66 34 40 20 36 78 13 89 47 24 83 10 22 63 99 97 58 15 84 43 60 52 81 4 90 91 41 67 50 74 64 38 68 54
56 96 20 11 14 55 87 44 15 49 58 16 45 98 76 82 19 91 48 9 29 83 74 42 18 89 10 1 79 59 52 51 34 60 4 26 43 78 77 38 30 13 6 81 64 75 70 47 88 24 68 99 32 95 54 25 5 41 92 36 39 40 84 69 67 93 72 8 33 31 21 17 61 23 37 12 57 62 2 97 66 71 0 3 90 73 94 53 50 80 28 63 27 86 46 65 22 85 35
13 21 52 79 48 61 28 66 47 59 0 37 55 99 6 95 54 29 80 31 23 22 74 11 78 7 82 75 96 41 89 85 36 34 44 33 57 56 17 30 90 70 65 98 67 84 26 14 58 39 72 27 86 87 69 63 92 24 9 12 40 50 91 77 20 5 88 60 16 3 81 10 93 68 71 76 19 43 38 94 4 1 53 18 73 2 35 83 64 49 45 46 97 62 15 25 32 42 51
8 15 24 58 66 20 94 49 47 61 75 59 71 30 98 87 5 0 60 91 43 17 51 69 52 32 21 70 45 77 2 80 34 33 73 54 13 83 99 86 81 95 22 31 40 4 76 35 48 96 89 92 78 65 28 23 46 16 25 68 84 56 85 55 67 27 37 41 11 3 82 39 19 1 57 74 7 79 6 90 14 64 44 97 93 88 29 38 62 50 12 36 10 26 53 18 72 63 42
70 61 78 35 25 33 54 37 85 8 47 7 34 84 13 11 9 63 50 26 27 56 76 0 62 57 80 53 68 15 28 72 52 94 93 6 39 67 77 66 48 51 88 82 2 23 22 4 99 40 18 73 36 17 83 87 55 74 95 42 86 45 12 5 46 14 75 3 97 79 89 96 64 32 30 16 1 24 21 98 59 92 31 19 60 58 41 81 43 44 20 90 49 91 71 69 29 65 38
54 62 91 47 65 52 44 78 46 23 14 48 28 3 29 31 92 96 66 76 64 63 39 77 38 79 99 57 35 72 61 56 97 5 26 73 89 7 50 4 15 94 82 84 37 60 45 25 58 85 36 6 22 19 71 95 59 16 40 87 1 83 33 13 70 43 69 17 67 98 2 41 53 27 24 51 68 34 90 12 81 32 49 9 86 20 75 18 30 42 0 88 21 8 74 55 10 80 93
63 38 96 35 58 29 60 80 62 98 95 21 39 27 84 3 41 77 66 37 59 92 61 44 1 16 82 24 42 91 4 85 31 64 25 51 49 97 9 34 78 8 53 57 75 32 71 46 2 73 28 70 88 22 50 20 67 54 15 83 89 43 69 76 5 72 86 11 74 87 52 94 90 14 99 33 30 56 79 65 81 48 19 6 7 13 55 47 10 26 36 68 40 93 17 23 45 0 18
52 20 19 85 0 40 31 18 67 2 42 24 87 25 60 75 79 30 17 93 95 72 63 83 4 35 89 71 84 29 33 66 12 69 26 55 91 43 15 78 14 39 99 9 98 61 21 46 54 94 70 3 45 96 86 59 58 27 92 57 5 6 50 28 36 64 47 16 68 7 73 44 38 8 48 81 37 23 34 51 74 32 11 77 82 88 62 1 80 65 76 56 10 49 53 90 41 22 97
32 28 16 50 18 45 24 74 9 87 27 93 12 64 85 58 77 31 34 30 23 7 67 36 3 68 89 71 70 86 52 90 11 98 94 97 84 5 47 15 8 55 80 73 1 60 76 25 95 39 49 2 99 29 41 81 96 33 35 66 88 0 26 56 72 92 10 69 53 54 62 63 61 44 82 6 79 48 83 20 21 4 46 37 65 19 22 40 59 75 13 17 43 78 91 38 51 42 57
58 69 20 57 22 98 65 68 23 27 77 74 71 42 86 4 89 99 96 47 48 67 97 46 78 34 1 56 2 14 80 40 63 87 11 94 39 81 10 0 28 49 41 91 16 5 44 30 32 19 26 70 17 8 6 45 43 75 59 37 24 84 51 83 52 53 36 60 7 9 82 3 13 62 95 88 64 54 31 18 73 92 79 25 38 85 66 72 61 29 50 35 55 33 12 21 93 76 90
23 46 97 60 22 55 79 51 63 83 40 8 12 70 65 11 73 43 98 95 18 3 14 17 32 61 88 81 76 66 10 24 15 39 36 33 19 20 48 64 91 0 72 58 75 87 31 71 96 77 1 34 44 89 57 26 90 13 85 25 38 56 74 84 93 52 59 47 4 62 69 67 29 92 37 78 9 86 2 94 5 28 27 21 42 7 68 82 6 49 50 41 99 80 30 54 53 35 45
61 11 48 2 67 92 36 12 82 4 58 65 46 37 6 87 59 90 56 81 64 84 44 8 40 22 85 78 66 19 31 71 86 20 1 79 27 53 51 9 5 74 14 16 41 88 52 43 50 69 3 98 57 34 29 96 89 63 32 18 24 30 68 38 97 77 91 0 94 23 35 33 49 13 15 62 76 70 60 28 45 26 75 73 54 25 7 10 39 55 21 72 47 99 83 42 95 93 80
9 84 56 94 33 50 14 7 68 51 25 47 55 53 87 86 96 95 15 21 57 48 29 79 91 46 92 24 60 31 72 37 41 82 2 61 88 76 62 75 26 65 3 90 42 20 69 0 1 32 85 38 71 35 39 78 98 12 93 99 11 58 54 16 36 67 28 8 81 66 74 5 30 89 59 44 64 49 77 43 34 73 23 80 40 45 22 19 27 4 70 97 52 17 63 6 10 83 13
22 10 83 64 49 54 86 14 2 50 7 99 98 31 85 41 44 17 35 25 8 38 74 20 57 58 5 91 81 36 46 39 61 24 63 87 75 29 72 6 77 94 15 56 37 47 51 30 79 32 16 33 62 34 28 0 27 92 93 13 71 80 88 18 11 48 40 70 12 69 4 84 90 95 21 66 82 78 55 67 45 76 89 42 9 68 23 1 73 97 60 3 65 43 59 53 52 26 96
53 15 12 68 61 96 24 55 38 75 65 34 9 87 63 52 89 49 58 46 0 5 2 97 16 40 21 72 57 41 18 45 76 77 25 26 35 32 98 69 42 19 30 94 22 79 8 36 29 1 78 70 62 37 60 64 92 91 95 13 28 67 99 54 86 27 6 88 17 33 50 84 83 11 81 23 51 66 85 4 14 82 90 71 59 74 93 39 43 3 56 73 47 48 80 31 44 10 7
95 56 61 70 9 85 18 0 8 2 16 31 50 10 59 83 89 13 34 78 92 42 96 24 3 91 23 98 17 55 90 48 52 77 68 29 15 75 5 53 93 46 65 88 97 43 35 86 6 26 27 40 71 30 58 82 47 49 69 28 57 14 72 84 33 41 66 64 94 67 38 7 74 25 99 22 54 39 63 87 76 81 11 20 4 32 19 60 44 12 1 37 80 79 62 51 36 45 73
92 57 25 5 55 11 58 75 12 54 46 21 39 26 67 80 51 28 63 23 78 79 88 36 69 24 70 47 34 86 49 44 61 93 48 83 95 50 32 73 10 19 8 65 99 18 6 71 82 97 40 91 53 81 45 66 85 38 76 56 41 3 43 13 42 31 20 90 60 64 68 96 87 89 33 15 74 98 29 7 94 59 2 4 14 30 52 17 62 84 37 1 0 9 72 77 35 27 16
80 44 95 59 82 9 8 76 42 99 67 25 98 35 94 19 86 52 10 7 75 79 63 43 69 38 60 29 92 15 84 70 40 13 61 51 24 34 20 57 71 16 96 50 62 81 30 0 72 85 2 78 47 88 54 32 11 73 97 18 93 41 31 49 28 83 14 87 1 39 89 22 36 91 46 21 45 17 64 6 33 5 58 65 90 12 66 26 77 68 56 55 53 37 4 74 48 3 27
76 11 57 7 45 69 68 59 96 4 74 50 67 56 95 78 20 91 9 41 14 53 92 88 44 60 13 31 33 34 21 23 97 51 71 83 10 2 18 49 0 46 28 87 66 48 54 37 64 12 98 43 85 93 47 26 25 70 79 52 27 94 15 6 82 89 65 19 81 72 55 1 62 63 29 17 90 16 30 42 32 61 80 73 84 35 86 40 99 5 8 39 3 58 22 77 75 36 38
33 55 44 20 45 26 79 88 14 47 4 31 17 43 71 22 2 52 9 90 61 5 85 12 64 91 63 11 84 23 49 57 89 41 75 34 3 58 92 39 28 30 7 67 6 95 40 35 76 48 83 1 13 74 59 82 8 15 51 96 16 32 87 98 77 65 10 62 72 60 81 0 73 21 24 53 36 94 56 80 70 86 37 38 78 29 93 19 54 97 50 42 66 18 68 27 46 99 69
78 71 70 17 82 2 41 93 3 79 80 91 19 35 90 43 32 27 61 29 10 87 45 36 89 52 69 55 1 7 74 16 9 60 34 63 94 92 44 57 99 22 42 56 64 48 84 88 81 30 13 5 8 75 12 59 53 23 15 18 67 85 73 31 66 97 95 54 62 0 49 58 65 25 46 76 37 96 83 28 40 21 6 14 68 33 20 72 51 11 24 39 86 50 47 98 77 4 38
4 98 86 19 95 42 1 69 87 40 28 70 48 84 64 80 59 54 75 3 72 39 88 83 33 34 23 97 51 6 43 2 93 0 90 41 11 96 13 92 63 89 21 38 36 12 30 16 58 5 8 52 24 60 20 35 62 65 73 49 82 46 14 37 81 94 47 76 74 56 61 71 79 22 17 45 18 66 78 85 29 26 99 10 91 77 55 15 31 32 44 53 9 7 57 67 25 68 50
82 70 65 53 51 0 98 61 22 42 58 47 15 20 13 95 66 26 32 36 75 87 80 44 27 56 76 89 38 52 68 62 34 78 37 23 91 11 81 35 63 10 16 71 99 45 33 14 30 41 50 46 86 94 40 48 79 90 7 3 55 57 29 72 83 97 1 93 73 85 74 88 25 43 19 54 4 6 92 31 2 18 96 24 84 64 9 59 69 77 60 67 8 17 5 12 21 49 39
61 30 36 52 22 72 56 28 4 57 68 78 26 64 46 55 27 71 81 62 39 51 93 80 91 1 47 60 20 6 38 99 8 23 43 0 82 12 86 31 21 19 25 94 18 11 90 13 24 5 74 44 15 14 59 66 16 45 2 92 67 3 7 41 53 34 89 54 32 87 96 37 73 35 63 75 77 33 40 84 69 88 85 97 10 70 49 76 98 42 58 95 17 48 9 83 50 79 65
72 82 60 1 13 58 97 78 16 86 90 32 47 22 45 61 15 19 66 17 57 11 12 55 2 91 23 67 5 52 18 83 37 99 87 80 70 77 0 59 31 33 34 76 39 44 40 10 9 41 92 51 96 74 68 46 28 93 42 38 4 20 21 81 73 14 24 7 63 27 8 79 26 89 64 71 54 84 48 98 56 88 95 25 43 29 69 75 53 49 94 62 6 65 85 36 35 50 3
33 26 80 24 18 34 69 44 84 93 96 82 59 52 7 15 27 77 37 19 99 86 90 62 3 67 95 43 58 40 78 38 72 11 22 92 53 12 98 55 35 9 51 8 42 2 60 4 30 79 25 68 71 64 46 50 97 87 61 70 36 13 39 66 94 83 23 54 74 88 6 91 10 1 16 89 81 49 65 45 73 63 21 28 47 0 75 41 5 57 32 85 17 20 48 76 56 14 29
53 21 10 93 12 86 91 17 92 84 66 85 6 15 76 70 2 8 7 74 90 27 5 65 45 50 4 16 83 18 29 55 39 54 56 67 52 22 69 41 30 23 1 9 79 37 57 40 75 77 87 14 34 44 0 94 73 97 35 11 3 60 42 72 58 82 48 68 25 36 88 81 13 47 96 19 31 26 59 24 49 71 38 51 99 28 63 98 43 61 46 78 89 62 33 80 64 20 95
17 91 78 73 95 39 24 32 27 26 47 69 82 92 28 20 68 65 88 42 19 40 25 38 2 87 89 57 23 77 59 94 13 54 61 48 75 4 16 63 60 76 56 22 10 79 97 21 49 52 85 7 98 45 93 0 31 9 53 74 15 5 64 84 99 83 72 34 51 37 80 18 29 67 70 30 14 96 58 44 81 71 11 12 35 50 43 6 86 36 90 66 46 41 55 3 62 1 8
28 3 87 5 29 61 97 27 55 51 12 52 83 35 80 38 54 60 21 11 88 17 15 39 74 78 59 25 92 63 42 66 36 93 44 89 2 23 41 79 58 82 32 86 0 13 48 98 4 40 37 50 1 26 6 53 24 43 14 62 85 31 46 7 57 73 9 70 67 69 96 20 71 45 18 68 77 72 95 49 16 10 8 33 75 90 30 76 99 47 91 22 19 94 56 84 65 81 64
44 87 26 14 32 10 39 59 57 55 25 4 9 54 96 38 16 45 99 78 49 19 48 36 66 73 50 31 24 46 86 43 58 62 27 94 81 23 33 34 98 30 56 67 2 95 0 37 85 68 92 65 3 17 47 83 5 90 70 20 21 41 80 13 76 7 8 84 40 63 82 74 12 89 61 71 15 52 77 75 18 69 1 11 93 42 60 51 91 97 88 79 64 22 72 28 53 29 6
94 31 90 61 78 22 9 68 92 95 91 73 44 50 15 30 11 63 47 21 62 16 10 27 69 37 89 70 67 52 64 88 42 29 1 3 84 5 23 28 53 74 25 14 8 17 65 0 34 72 35 87 86 60 19 77 96 58 46 45 99 33 93 48 57 32 12 43 71 97 2 66 56 51 83 82 13 41 80 59 49 4 55 98 38 40 79 85 81 20 26 7 54 76 6 24 75 39 18
46 27 68 99 29 92 32 58 75 4 57 97 64 91 36 49 21 35 28 33 12 82 81 31 79 39 5 73 24 51 61 48 43 89 15 72 66 14 30 6 18 95 23 16 98 85 41 22 84 3 78 77 93 19 63 74 71 60 38 55 47 65 90 70 1 0 8 56 40 42 54 76 88 45 13 87 50 94 52 26 7 20 83 25 69 62 67 34 80 11 2 86 44 9 17 53 59 96 10
0 31 10 89 27 18 87 57 91 11 30 33 68 93 96 19 23 2 76 66 99 85 40 4 36 35 43 53 9 20 24 3 1 5 48 32 41 62 39 80 61 7 13 21 12 37 69 52 8 84 63 72 44 34 75 98 97 42 45 15 67 6 59 94 29 71 46 82 14 58 74 77 56 55 81 22 26 86 25 60 88 92 95 54 73 83 65 51 90 50 17 64 28 78 79 47 70 49 16
69 29 30 55 80 50 26 43 54 77 92 86 0 87 66 85 68 19 63 73 53 65 10 78 16 59 17 81 67 90 3 96 58 2 1 99 14 61 33 11 89 79 15 31 49 36 47 60 72 34 82 18 20 9 97 6 52 44 84 75 88 35 91 70 45 64 51 12 22 94 98 4 32 56 13 95 93 24 37 40 23 8 7 57 28 25 48 46 83 42 21 74 41 5 62 38 76 27 71
27 35 75 95 18 92 48 81 17 21 14 69 76 5 83 45 19 26 98 77 97 6 99 78 94 50 20 43 32 82 68 80 85 51 56 67 60 57 15 2 91 41 90 1 86 30 24 12 72 96 65 87 31 54 66 22 25 28 88 46 63 62 11 23 70 8 61 44 4 89 58 52 37 13 74 55 38 36 64 34 73 3 93 7 84 47 53 16 59 39 29 10 49 71 42 0 33 79 9
49 19 97 27 83 13 68 8 92 82 34 98 32 58 46 88 85 26 28 70 24 57 95 91 9 45 37 81 38 86 66 53 3 99 80 20 5 47 76 30 35 18 90 55 63 40 0 21 25 2 84 64 78 4 43 74 71 75 39 69 6 33 96 16 15 54 42 23 59 7 87 22 62 61 50 11 60 89 73 31 67 17 29 94 79 52 48 14 65 1 56 10 44 77 12 51 72 93 36
57 66 90 73 75 29 52 27 23 77 4 68 74 20 55 69 44 36 67 61 95 91 51 85 83 80 70 32 14 59 13 84 72 65 71 76 64 60 28 25 5 17 93 33 7 40 37 3 86 9 81 15 58 8 19 2 79 48 22 97 1 41 43 82 11 10 34 78 24 31 35 46 6 47 89 26 94 49 50 63 39 99 30 0 62 96 98 87 56 92 18 12 16 45 88 53 54 21 38
62 26 75 35 3 21 50 18 5 9 48 98 94 55 20 79 12 77 36 63 87 81 19 51 68 25 56 34 99 49 65 52 13 96 37 40 64 80 0 4 44 22 93 1 82 54 7 16 95 27 14 90 74 17 30 6 33 83 72 61 24 32 78 23 91 86 85 88 38 29 53 8 46 58 31 39 73 69 70 42 15 57 89 59 76 45 41 2 67 60 66 84 10 28 11 47 92 71 97
27 81 98 42 64 54 35 86 13 91 62 14 51 3 74 20 99 89 97 23 93 71 12 1 6 18 25 2 46 37 80 55 9 32 36 7 70 77 96 73 69 79 29 26 66 84 52 65 40 58 24 39 43 49 83 67 95 59 50 85 53 68 34 94 11 28 76 57 90 45 10 16 19 22 78 61 75 82 72 88 15 38 31 0 56 21 92 17 5 30 33 87 8 63 47 41 60 48 4
13 41 11 77 20 29 0 35 69 99 67 25 98 92 76 17 21 64 82 86 68 26 79 46 42 80 93 33 10 75 74 87 83 54 56 70 16 23 3 5 31 48 38 43 40 94 66 47 78 32 9 84 58 90 63 22 72 8 95 44 53 27 55 62 51 37 52 97 49 57 19 30 60 24 65 85 96 50 36 81 61 28 12 7 73 71 4 6 39 15 88 91 34 2 59 14 1 18 89
7 35 12 52 84 97 67 62 94 85 79 38 65 47 23 32 20 26 17 54 91 8 6 44 66 48 88 18 76 50 21 93 64 49 31 51 61 80 86 34 29 0 74 77 1 11 92 43 56 99 9 90 24 58 57 78 98 19 82 33 53 89 22 71 60 10 96 3 4 87 28 95 2 69 42 55 45 14 25 73 37 72 30 81 75 16 39 27 15 70 5 36 40 68 83 13 63 41 59
36 83 93 35 82 85 89 11 26 16 39 54 32 61 67 37 48 17 2 80 65 21 59 22 14 70 75 10 31 49 66 90 8 5 98 13 44 53 91 76 40 25 28 88 99 15 62 63 4 34 56 71 1 87 69 20 73 86 23 45 3 18 50 33 94 30 97 95 19 6 52 24 81 51 58 0 68 9 46 84 29 38 92 7 60 41 57 43 42 96 64 74 77 55 12 79 78 72 27
55 56 75 63 35 51 98 97 37 45 81 0 65 2 64 74 8 28 67 71 32 12 3 41 13 38 4 87 44 18 82 69 15 73 1 68 43 24 62 10 25 50 70 91 80 94 11 40 84 19 47 31 16 86 92 33 61 39 23 49 89 20 17 88 77 90 29 9 26 42 5 59 76 53 34 66 54 30 52 57 78 46 93 14 60 58 79 96 99 21 22 6 7 27 72 85 36 95 83
88 21 15 82 1 55 94 87 11 77 53 28 91 89 19 85 12 68 69 35 18 30 75 56 22 92 57 58 60 42 29 93 80 3 81 16 47 38 66 59 32 74 10 73 2 45 26 37 48 27 86 54 24 36 46 6 23 40 51 79 61 95 72 8 78 43 84 20 17 67 70 0 96 7 44 76 33 14 9 4 71 34 63 64 83 50 52 98 31 39 97 65 25 90 41 99 5 62 13
19 0 53 62 48 94 91 70 27 51 56 20 44 65 37 43 17 96 84 23 58 35 72 40 36 71 24 9 33 77 97 16 1 60 39 6 4 55 69 5 87 29 3 52 74 7 21 25 41 28 81 45 31 92 11 47 66 57 59 88 46 95 86 30 76 38 14 85 12 10 80 64 34 42 98 73 22 2 89 68 78 15 79 93 67 26 18 63 99 54 82 49 83 90 61 32 75 13 8
81 47 28 59 13 60 96 70 78 32 12 77 58 1 94 46 76 62 92 95 57 19 91 3 4 25 20 15 90 80 65 72 64 42 85 89 48 41 86 21 7 40 50 38 0 37 55 88 9 67 83 22 68 87 56 35 52 69 11 33 79 93 75 73 53 6 44 84 34 29 54 63 43 23 98 16 97 30 10 74 39 66 24 18 2 26 14 71 99 31 8 5 61 49 27 17 82 45 36
93 77 12 50 43 6 89 4 91 78 36 71 22 88 70 61 10 42 44 80 45 20 92 76 5 46 65 9 39 60 33 59 54 96 90 99 31 37 98 72 40 26 74 58 81 55 48 14 23 56 51 64 75 86 57 30 18 41 67 27 49 25 32 17 13 63 0 79 62 3 97 21 2 95 66 83 47 82 69 85 8 73 29 16 28 53 35 15 1 24 7 68 94 38 19 34 84 87 11
40 43 3 47 69 96 6 26 9 59 19 58 24 11 65 28 56 29 55 36 49 98 33 60 63 17 77 68 89 79 88 27 5 7 82 38 92 62 44 75 83 22 74 14 91 90 81 13 16 54 61 41 76 30 97 52 99 32 78 94 39 2 45 18 1 35 34 66 20 85 23 21 86 72 70 67 57 80 46 93 25 0 10 84 31 12 37 42 8 73 50 51 4 87 15 95 64 48 71
41 11 33 3 15 19 86 2 80 67 56 1 4 28 55 87 77 58 18 44 47 51 9 8 42 40 65 78 52 20 72 48 13 79 29 12 38 16 23 22 37 63 99 92 45 62 97 53 6 70 35 32 88 46 96 27 85 74 50 60 90 91 89 21 98 25 81 36 64 31 66 17 93 39 57 34 76 95 24 75 83 5 69 0 49 30 7 84 82 73 94 14 26 10 59 61 71 68 43
34 64 61 92 91 33 84 66 70 12 76 17 74 56 28 23 80 59 18 98 58 37 67 69 5 99 71 11 2 7 45 97 6 42 32 29 94 88 30 65 81 40 4 38 63 90 46 85 26 75 24 89 16 73 20 53 87 50 95 13 0 62 3 79 41 35 19 47 14 49 27 15 10 36 1 86 22 96 93 54 21 39 82 43 51 44 77 57 68 83 31 52 72 48 9 25 60 8 78
64 91 51 41 93 61 96 45 8 69 7 35 84 27 87 70 71 6 44 98 89 38 90 92 4 75 77 62 53 15 22 0 10 39 30 23 48 1 26 43 95 78 31 79 81 74 16 37 9 5 3 29 11 80 59 34 52 33 40 86 54 36 55 21 94 57 76 50 12 65 49 18 46 83 67 17 19 28 20 66 13 47 68 25 60 82 63 97 73 99 85 42 72 32 88 24 58 14 2
34 80 95 66 90 37 27 47 98 24 84 54 77 62 21 46 31 65 48 55 97 61 50 38 3 14 94 25 64 35 85 39 78 91 15 63 6 19 70 76 4 82 74 18 16 58 83 96 0 93 56 68 1 92 36 32 52 53 79 30 88 10 23 17 12 51 89 8 2 43 45 22 7 72 67 9 59 60 69 44 86 20 42 71 99 40 28 49 11 13 73 81 75 29 5 33 26 41 87
75 15 32 12 47 99 17 37 67 94 90 7 25 44 48 57 83 13 82 26 70 4 40 63 61 38 92 49 0 16 73 24 20 10 85 55 84 14 34 71 76 60 86 33 6 74 54 3 72 43 64 65 27 52 62 50 45 51 91 59 1 77 88 30 46 96 69 56 19 66 18 21 80 2 5 81 68 22 28 35 11 89 41 97 9 42 79 31 36 98 53 23 78 95 39 29 87 8 93
92 61 82 36 64 19 27 10 89 13 71 8 29 83 96 58 32 41 57 75 67 37 84 22 80 28 18 47 66 30 44 23 91 74 12 56 25 76 69 5 78 39 48 85 24 54 43 87 68 20 0 34 72 17 90 95 94 50 45 93 9 31 62 79 14 63 26 35 16 86 4 70 65 11 21 42 3 15 6 81 98 77 88 73 49 1 40 2 38 60 33 7 51 53 99 97 55 46 52
52 94 12 42 39 32 5 17 50 16 93 89 30 59 4 83 48 25 2 88 97 76 22 49 95 99 70 7 11 21 87 79 96 15 14 38 10 1 27 33 13 61 92 35 68 23 67 66 9 45 91 86 3 58 65 62 47 29 75 44 82 54 69 56 57 31 36 46 24 0 90 80 18 71 28 78 37 64 19 81 41 53 77 40 63 84 85 26 8 20 43 74 72 98 6 55 51 34 73
28 3 39 29 81 18 31 10 0 68 27 97 30 4 65 84 41 62 8 6 47 13 46 34 89 57 63 83 74 42 69 90 36 43 94 82 59 56 49 11 55 70 51 60 99 12 23 93 52 14 50 5 33 87 7 71 64 26 78 20 25 86 72 77 1 22 9 95 91 66 17 67 85 24 15 80 79 44 2 54 35 38 73 37 76 96 98 88 92 16 75 21 53 58 40 19 32 45 48
13 94 8 24 34 49 76 79 12 36 6 31 39 21 32 18 44 35 43 16 5 38 25 17 61 73 11 15 2 33 96 77 60 3 23 29 91 27 14 10 64 99 22 85 93 52 82 95 71 70 90 9 30 87 75 50 28 63 19 74 53 41 80 83 51 47 98 57 54 40 66 88 86 97 42 1 68 69 78 58 26 55 48 84 81 92 7 65 45 56 67 20 59 37 46 89 4 72 0
54 3 97 46 73 87 79 75 58 50 10 21 22 8 78 35 41 77 85 38 66 88 53 43 93 2 67 69 13 15 71 20 56 70 6 61 89 48 98 52 84 1 42 23 32 24 68 94 95 11 83 96 28 90 31 5 92 19 99 25 4 82 18 9 64 36 80 57 81 55 30 45 49 7 33 59 37 29 16 17 14 34 65 44 0 12 40 72 60 27 26 39 47 76 51 91 62 74 86
17 75 50 76 28 72 85 94 90 71 68 21 16 6 24 48 63 51 30 86 34 59 77 2 49 47 83 82 35 60 13 41 62 11 15 43 70 97 81 66 31 55 46 57 10 42 53 37 36 19 25 95 32 91 3 52 67 93 54 26 45 40 20 9 8 14 29 1 84 56 73 96 61 44 38 92 79 22 74 58 0 89 7 18 69 98 99 27 39 12 33 65 88 4 87 23 78 5 80
20 21 31 46 4 89 22 52 54 55 88 62 84 11 32 19 87 67 28 39 7 91 90 12 72 77 86 35 68 15 98 43 97 45 50 82 81 63 16 61 25 33 18 57 41 47 66 96 49 10 48 13 64 60 42 29 94 73 56 74 44 69 40 27 30 75 8 59 80 85 14 6 70 79 5 78 76 71 92 99 58 95 24 37 0 9 93 38 3 51 23 1 2 36 34 17 83 26 53
8 14 39 91 6 76 97 21 70 64 23 22 2 3 98 79 40 83 15 44 74 78 34 17 58 73 61 49 13 33 60 71 50 53 69 18 51 45 75 9 65 80 35 72 99 16 27 24 67 43 11 92 32 55 57 28 52 5 77 88 95 26 63 42 0 25 96 82 89 46 93 10 12 94 30 37 56 87 85 41 54 81 29 20 47 90 86 19 7 38 59 62 31 48 1 84 4 36 68
84 77 61 50 0 69 15 27 25 4 41 59 93 33 14 55 97 66 96 80 35 21 18 32 81 10 30 20 48 17 46 60 87 26 57 86 7 16 52 23 38 70 2 37 94 47 75 43 89 58 74 54 91 56 34 8 72 19 28 65 68 36 53 73 29 39 42 95 22 9 49 63 44 31 76 6 1 12 11 79 82 24 51 71 64 83 90 13 5 99 78 88 3 98 92 45 85 62 40
75 34 31 14 91 12 41 18 29 38 32 17 61 58 2 93 56 11 69 62 6 84 99 24 83 52 33 27 7 85 35 96 26 49 20 57 28 15 78 88 51 98 54 97 1 59 25 10 42 4 53 16 13 21 77 64 55 94 8 80 44 79 46 87 48 39 76 82 0 50 63 37 3 67 47 60 70 22 5 86 36 81 71 66 95 45 23 9 74 43 65 19 90 73 40 72 30 89 92
74 58 18 84 55 20 54 99 91 42 79 22 38 56 6 72 95 47 94 16 40 67 4 35 71 73 63 7 78 30 46 85 41 31 27 89 59 82 70 21 86 88 80 12 33 98 9 64 39 26 87 96 52 68 23 83 51 62 5 81 93 24 77 3 15 36 60 37 17 29 57 34 44 65 8 19 75 1 53 49 14 10 32 13 0 48 11 50 28 90 76 66 2 43 92 45 61 97 25
3 25 7 23 72 13 36 49 12 5 33 82 2 42 40 76 15 30 91 77 29 9 45 38 53 61 6 10 60 58 98 43 8 63 57 34 87 95 21 89 83 0 73 19 84 46 17 37 22 16 68 31 28 24 90 4 20 14 59 81 69 85 48 11 66 26 74 52 93 18 35 44 47 1 41 99 79 62 27 71 50 39 97 54 65 78 80 86 67 88 75 56 51 55 64 92 96 94 32
1 60 40 31 3 92 56 54 78 85 36 47 48 89 12 64 38 79 23 20 75 86 65 70 62 87 43 8 82 66 61 9 97 15 69 51 17 22 76 50 46 99 74 68 39 29 18 98 13 52 42 91 57 67 73 84 93 83 7 96 55 63 45 25 95 94 5 2 80 11 53 16 28 41 34 58 88 77 27 14 49 32 24 90 81 21 30 33 44 0 6 10 19 4 37 72 59 26 35
78 38 9 88 99 2 70 32 65 76 74 98 92 8 68 24 48 61 16 55 21 5 82 95 67 3 31 73 58 10 81 29 6 39 23 94 42 83 57 62 66 54 80 13 36 96 17 28 49 4 11 20 97 90 53 60 63 30 45 7 37 51 79 25 41 50 84 71 12 22 85 69 52 91 56 44 19 14 43 26 46 35 86 34 1 64 0 75 27 15 89 59 77 40 93 33 18 87 47
25 55 17 68 53 72 59 8 81 12 45 5 44 19 42 98 26 49 70 13 50 90 64 69 18 91 66 23 27 2 24 78 75 6 43 39 21 96 88 38 92 35 30 93 65 71 28 22 40 94 84 47 83 48 9 31 57 95 33 76 56 32 60 89 80 58 87 20 79 37 99 54 10 61 63 3 74 15 97 62 14 52 85 41 46 1 4 0 82 36 86 34 67 16 29 11 51 77 7
59 94 8 82 88 96 14 31 5 62 87 30 90 93 92 91 54 83 22 11 34 72 68 40 51 86 44 55 97 32 18 67 98 58 33 3 37 25 84 19 57 56 41 38 61 28 99 27 79 21 9 45 47 63 35 16 53 43 15 78 70 1 0 95 65 4 50 46 12 52 73 60 85 64 13 2 42 26 17 20 6 49 48 69 29 23 75 66 24 10 81 39 7 80 77 89 36 71 76
88 59 43 56 18 64 90 28 25 72 24 85 76 81 98 12 46 16 91 53 92 60 4 51 66 9 0 41 69 71 62 17 7 3 11 14 32 54 35 48 63 97 10 93 79 26 87 61 45 77 34 82 36 84 15 68 42 86 20 47 38 23 40 95 8 22 49 29 67 74 55 96 94 27 2 50 6 5 19 65 1 44 37 30 89 78 31 70 83 80 13 52 57 58 99 39 33 73 21
52 6 74 9 84 89 95 70 93 14 12 78 81 72 57 39 4 25 77 64 53 65 42 13 41 69 26 38 63 32 16 90 85 59 19 75 96 11 55 1 58 2 8 46 36 73 94 40 3 17 37 79 62 7 20 48 86 27 91 15 44 80 23 87 5 43 71 88 68 31 60 18 21 66 47 92 99 97 28 10 33 82 45 49 35 0 50 56 98 51 24 34 54 83 22 61 67 30 29
14 61 64 32 45 41 66 16 76 85 2 33 75 79 83 56 78 38 12 44 92 74 91 95 29 27 42 47 7 73 35 98 19 69 13 90 37 49 54 11 22 17 5 82 28 4 31 9 86 30 94 71 25 84 63 97 65 96 6 15 39 0 43 59 23 87 18 55 81 24 70 89 53 67 72 8 20 52 80 88 58 26 40 46 48 34 57 10 3 36 51 93 1 21 68 99 60 62 50
52 80 45 71 20 33 37 10 16 70 29 58 56 44 82 83 27 42 24 65 81 35 72 41 99 59 75 34 86 79 7 49 97 36 89 64 54 11 18 43 13 47 40 96 98 48 23 87 38 30 50 0 39 66 93 55 22 3 4 77 88 74 26 73 14 9 95 61 28 91 68 63 51 21 8 31 46 92 25 85 90 53 69 94 84 15 5 57 12 17 62 2 1 67 76 19 32 60 6
1 5 50 0 14 61 78 48 87 27 39 96 32 93 20 72 42 85 84 52 60 81 7 43 99 9 54 74 13 98 70 64 33 65 22 95 94 8 21 73 41 28 82 15 77 45 47 12 17 3 75 30 44 58 83 25 35 55 4 38 62 88 57 56 66 59 86 11 6 68 76 10 92 63 34 49 53 89 37 80 24 46 16 19 36 31 29 90 97 18 67 51 69 40 2 23 26 91 71
82 88 91 87 97 6 90 93 5 40 63 59 9 46 79 37 95 81 89 0 24 75 34 17 13 73 60 58 99 76 19 16 65 15 7 47 57 42 14 66 12 3 29 22 94 50 49 86 26 20 48 8 1 77 2 53 35 52 23 45 27 33 85 43 61 70 83 4 39 56 78 44 69 67 36 32 38 21 98 28 64 11 92 71 25 72 18 41 96 30 74 54 10 51 84 55 68 62 31
24 21 35 60 71 48 79 78 84 23 97 40 42 99 1 12 11 67 91 34 3 37 85 16 36 83 30 90 53 59 38 46 89 65 52 0 17 33 95 96 5 19 14 45 63 10 82 18 2 51 25 54 9 98 92 68 76 72 39 49 75 94 86 7 62 26 32 50 56 74 27 73 4 47 58 88 43 31 55 87 66 69 77 22 41 15 20 61 57 44 6 8 29 70 93 28 13 64 80
10 22 83 72 9 32 73 80 18 68 21 64 87 54 36 26 51 27 99 86 25 29 41 60 43 3 47 61 7 69 38 98 45 2 46 55 78 66 40 20 4 90 57 77 31 94 91 63 6 33 11 59 28 15 34 88 92 93 71 81 53 16 50 44 65 42 24 85 1 12 19 95 37 96 35 62 49 52 5 67 30 75 58 97 76 23 70 89 48 74 8 56 84 39 79 13 14 17 0
98 89 87 63 64 8 66 88 47 92 37 1 19 65 79 90 28 23 85 81 69 78 61 25 45 60 77 17 13 53 4 67 86 12 55 7 80 39 26 94 93 21 42 18 82 97 40 16 46 68 24 48 36 14 34 43 15 54 52 11 33 56 59 27 0 2 32 75 72 9 91 84 29 30 38 50 96 6 41 95 3 31 51 73 22 76 57 49 70 20 99 44 10 74 62 5 35 58 71
81 9 94 35 43 24 99 65 68 15 39 93 17 10 11 30 27 87 22 80 54 33 58 21 90 6 56 51 67 13 69 97 74 71 5 23 41 60 92 79 85 7 91 26 73 36 29 38 66 42 95 31 16 88 47 89 44 8 32 61 70 72 28 3 83 34 76 75 82 78 52 63 0 48 1 45 53 19 49 77 50 40 4 62 59 98 57 25 96 12 14 46 37 64 2 55 20 86 18
58 68 27 53 37 43 8 71 50 86 72 14 67 22 93 40 31 38 39 21 33 66 76 4 17 79 36 2 9 24 19 49 26 60 6 20 95 75 82 52 25 81 59 29 51 56 5 23 16 7 11 41 63 90 69 92 96 77 73 94 91 32 10 42 87 45 74 98 83 61 55 70 28 78 47 80 57 65 18 15 13 0 64 1 88 34 97 84 99 44 48 35 12 54 89 3 62 30 46
36 2 70 62 98 9 49 34 42 21 50 81 82 78 93 59 12 85 32 5 26 61 17 45 64 77 95 92 58 30 60 75 57 54 71 40 65 28 37 8 63 84 88 25 56 48 94 14 1 80 4 53 3 20 90 83 46 76 7 67 87 0 15 41 18 52 43 44 68 79 35 39 10 96 6 97 16 55 27 19 91 23 11 69 13 24 73 29 38 66 74 31 89 72 51 99 47 33 22
75 63 49 76 1 94 31 55 18 89 97 51 4 67 74 84 52 30 26 46 92 5 19 7 44 13 68 38 16 32 14 6 37 58 82 54 96 48 25 45 27 29 39 60 9 47 17 98 65 0 42 62 66 23 95 71 53 40 70 86 20 78 2 22 61 59 57 79 34 50 83 93 33 12 90 99 81 36 11 69 41 35 73 72 24 3 64 28 80 15 77 56 88 21 10 8 91 43 85
65 5 36 86 10 12 55 70 50 84 59 98 47 43 44 27 13 45 58 96 26 14 53 42 54 18 97 28 32 0 29 15 89 71 60 6 2 83 92 90 30 79 62 40 85 74 94 41 38 95 34 93 7 31 91 66 49 72 81 22 8 80 24 68 20 3 4 16 78 39 56 61 9 21 23 33 19 75 76 57 77 52 67 69 35 87 48 99 11 17 73 46 25 82 64 1 37 51 63
80 4 77 24 71 48 51 18 56 63 93 74 65 0 76 36 98 23 54 60 34 42 49 12 91 44 22 78 83 30 95 79 16 41 5 46 72 55 37 97 69 3 94 57 20 84 17 59 58 31 29 35 33 75 47 81 26 10 96 9 40 6 1 88 7 11 39 85 86 28 90 70 68 2 45 53 66 14 67 61 73 87 19 32 27 38 43 15 64 21 25 62 8 99 92 50 82 52 13
28 83 0 30 16 14 20 79 82 10 66 69 21 47 73 19 23 89 96 43 17 3 88 5 8 64 76 52 62 41 75 6 71 68 27 70 86 97 32 46 74 59 55 15 34 4 63 93 56 77 18 9 85 26 35 44 95 25 78 94 12 13 53 39 45 50 91 65 24 11 22 67 80 29 36 7 92 2 84 33 58 60 98 49 99 87 51 48 72 54 1 31 81 40 38 61 57 42 37
6 4 96 58 47 68 45 13 77 56 7 81 0 72 95 79 2 15 39 84 42 46 21 50 1 8 12 33 29 38 93 75 86 24 14 3 16 19 78 89 41 94 67 22 83 65 80 5 48 70 31 23 28 37 85 27 62 32 71 97 34 20 18 51 30 25 74 99 43 35 55 98 40 53 64 66 10 69 54 52 26 17 9 88 87 92 61 63 60 36 90 82 49 44 73 11 59 76 57
76 94 97 87 75 46 20 90 33 8 72 5 64 51 15 43 23 24 67 45 25 11 27 60 28 3 7 48 62 6 53 34 19 44 85 40 68 59 55 21 54 83 84 12 10 89 73 91 52 37 80 74 98 78 30 99 32 71 39 9 50 31 22 57 66 82 58 26 77 17 1 86 2 61 47 0 70 88 41 95 42 49 16 79 14 36 65 63 13 81 38 4 93 56 29 96 18 35 69
89 83 51 1 18 80 70 66 96 81 62 3 75 94 31 47 58 45 50 61 73 52 91 87 16 68 44 15 57 98 67 63 28 4 26 41 92 69 76 33 12 79 53 97 82 29 5 21 2 55 56 59 90 88 38 99 27 20 72 13 78 74 40 35 49 54 43 25 46 95 37 39 7 23 36 30 14 8 65 19 32 0 24 6 10 9 34 22 64 42 71 86 60 77 11 48 85 17 84
73 33 87 39 53 80 89 57 84 35 16 17 95 28 83 6 71 74 99 15 9 60 21 78 75 48 92 32 66 93 12 85 88 23 38 65 40 72 56 70 98 42 76 77 22 4 27 52 25 30 10 64 59 7 81 29 61 97 51 45 31 63 69 43 67 58 96 1 86 0 55 47 2 34 46 19 14 44 36 41 20 50 54 24 18 91 49 79 13 90 3 62 5 68 11 82 8 26 37
15 36 33 89 18 35 52 21 94 4 37 78 6 8 34 12 68 97 93 91 19 7 67 77 70 47 29 39 32 65 2 23 84 58 80 53 1 59 71 9 48 14 43 92 87 3 63 86 72 50 85 81 96 60 55 79 26 38 11 42 73 45 5 74 31 30 98 20 40 61 88 54 44 66 51 13 64 49 57 28 82 99 90 16 56 0 22 75 27 25 41 46 83 62 24 69 10 17 76
34 37 62 65 53 20 77 64 94 22 24 97 69 49 83 76 48 80 58 51 39 41 35 84 75 0 3 44 61 95 12 99 50 93 45 78 92 31 13 71 18 16 28 27 88 9 98 47 8 73 56 66 29 46 21 55 59 42 4 82 40 2 1 72 10 30 17 63 43 25 79 52 14 15 70 33 38 67 91 23 11 6 90 19 32 81 5 68 89 57 26 85 7 60 86 54 36 74 87
87 19 41 14 39 22 86 42 34 60 84 4 21 11 68 78 70 13 62 27 24 90 48 81 73 93 67 64 98 51 99 82 57 26 85 95 54 88 18 25 45 72 15 30 50 8 53 23 61 38 77 6 7 40 52 96 35 71 69 74 20 9 3 0 63 91 37 66 43 49 76 46 92 58 12 1 31 5 56 94 59 89 17 36 44 79 47 28 16 10 33 80 2 55 65 75 32 83 29
27 19 35 78 47 1 43 55 61 7 68 45 72 76 75 10 33 41 88 24 73 21 28 86 12 42 92 90 38 18 31 36 37 95 91 79 40 30 66 56 11 6 85 49 4 0 82 26 23 32 22 81 77 53 63 51 99 64 65 14 46 96 89 69 13 67 17 71 58 5 74 54 60 3 15 50 2 83 94 20 9 52 87 29 16 97 48 8 57 70 84 59 25 80 62 93 44 34 39
17 90 32 41 71 76 21 8 34 24 84 57 96 78 63 83 20 75 82 43 69 19 45 23 64 7 1 79 29 30 15 53 62 33 39 40 47 9 14 38 85 77 61 50 10 35 87 18 65 56 46 86 55 3 59 27 25 68 2 73 22 42 92 31 74 4 48 26 16 58 60 36 13 80 6 94 89 28 49 52 70 67 98 72 37 97 11 88 44 5 51 93 91 95 66 81 54 0 12